2 threads
GreedyOracle (1000 .5):  1.265501  1.098124  1.580625
GreedyOracle (1000 1):  1.274907  1.160112  1.568963
GreedyOracle (1000 0):  1.320050  1.031184  1.515308
Lee:  1.345487  1.005444  1.486507
GreedyOracle (1000 4):  1.452854  1.399832  1.376794
Long (8):  1.523962  1.070328  1.312369
Long (4):  1.539955  1.077171  1.298739
MaxFun_MinPC (3):  1.543669  1.000445  1.295664
Long_MinSP_PC (4):  1.543716  1.000443  1.295575
MinSP_PC:  1.543874  1.000445  1.295625
RD_MinSP_PC (4 0 no):  1.543874  1.000445  1.295625
Long_MinSP_PC (2):  1.543880  1.000446  1.295438
Long_MinSP_PC (8):  1.544748  1.000439  1.294710
Long (2):  1.747035  1.107269  1.144797
GreedyOracle (10 0):  1.839668  1.806498  1.087306
Long_IRB (8):  1.883275  1.873368  1.062130
Long_IRB (4):  1.942067  1.936959  1.029976
MaxFun_MinPC (1):  1.966962  1.000083  1.016835
MaxFun_MinPC (2):  1.966962  1.000083  1.016835
RoundRobin_Eq:  1.986115  1.982508  1.007133
Distance (0 0 10000):  1.988054  1.001466  1.006151
Distance (0 0 -1):  1.991249  1.000543  1.004536
Distance (1 1 1000):  1.992766  1.959647  1.003771
MinPC:  1.992972  1.000042  1.003667
Long_MinPC (8):  1.993834  1.000046  1.003093
Distance (1 1 10000):  1.994088  1.638259  1.003106
Distance (1 1 100000):  1.994103  1.640783  1.003098
Distance (1 1 -1):  1.994386  1.644720  1.002956
Long_MinPC (4):  1.995254  1.000068  1.002378
Long_MinPC (2):  1.995255  1.000068  1.002378
TF_MaxFun:  1.999004  1.000000  1.000498
TFP:  1.999993  1.000498  1.000003
RoundRobin:  2.000282  1.996734  1.000000

4 threads
Lee:  1.793670  1.007915  2.231354
Long (8):  2.379708  1.090857  1.681293
Long (4):  2.444426  1.101521  1.636780
MinSP_PC:  2.568805  1.000748  1.557145
RD_MinSP_PC (4 0 no):  2.568805  1.000748  1.557145
MaxFun_MinPC (3):  2.569588  1.000744  1.557570
Long_MinSP_PC (2):  2.832520  1.000550  1.412519
Long_MinSP_PC (4):  2.919414  1.000509  1.370476
Long_MinSP_PC (8):  2.936648  1.000507  1.362433
Long (2):  2.976389  1.124852  1.344242
TFP:  3.119751  1.290688  1.282470
GreedyOracle (10 0):  3.216182  2.831783  1.243711
Long_IRB (8):  3.430642  3.270674  1.165963
GreedyOracle (1000 4):  3.449772  1.054188  1.159497
Long_IRB (4):  3.688473  3.579524  1.084460
MaxFun_MinPC (1):  3.789342  1.000194  1.056203
MaxFun_MinPC (2):  3.789342  1.000194  1.056203
GreedyOracle (1000 .5):  3.838973  1.006597  1.041945
GreedyOracle (1000 0):  3.846399  1.001901  1.039934
GreedyOracle (1000 1):  3.847986  1.010343  1.039505
Long_MinPC (8):  3.898846  1.000145  1.026198
Long_MinPC (2):  3.911131  1.000297  1.022974
Long_MinPC (4):  3.913192  1.000281  1.022435
Distance (0 0 10000):  3.920229  1.000882  1.020349
Distance (0 0 -1):  3.922069  1.000571  1.019870
RoundRobin_Eq:  3.922272  3.832130  1.019817
MinPC:  3.929137  1.000221  1.018035
Distance (1 1 1000):  3.943283  1.611706  1.014383
Distance (1 1 10000):  3.944785  1.767469  1.013997
Distance (1 1 -1):  3.945136  1.753067  1.013907
Distance (1 1 100000):  3.945273  1.735291  1.013871
TF_MaxFun:  3.986308  1.000000  1.003682
RoundRobin:  4.000000  3.909470  1.000000

8 threads
Lee:  2.611980  1.009770  3.066089
Long (8):  4.171536  1.102685  1.918247
MinSP_PC:  4.411589  1.001121  1.813405
RD_MinSP_PC (4 0 no):  4.411589  1.001121  1.813405
MaxFun_MinPC (3):  4.414396  1.001114  1.814192
Long (4):  4.432710  1.114658  1.805224
TFP:  4.764300  1.470999  1.679583
Long_MinSP_PC (2):  5.182031  1.000842  1.544189
Long (2):  5.347853  1.130740  1.496308
Long_MinSP_PC (4):  5.402553  1.000758  1.481158
Long_MinSP_PC (8):  5.454004  1.000764  1.467186
GreedyOracle (10 0):  5.695016  2.493161  1.404737
GreedyOracle (1000 0):  5.752738  1.002944  1.390642
Long_IRB (8):  6.385204  4.989114  1.252897
MaxFun_MinPC (1):  6.994138  1.000414  1.145039
MaxFun_MinPC (2):  6.994138  1.000414  1.145039
Long_IRB (4):  7.003446  5.770752  1.142295
Distance (0 0 -1):  7.333605  1.002438  1.090869
Distance (0 0 10000):  7.333605  1.002438  1.090869
Long_MinPC (8):  7.404183  1.000375  1.080745
MinPC:  7.451082  1.000972  1.073670
GreedyOracle (1000 .5):  7.458362  1.005620  1.072622
Long_MinPC (2):  7.490916  1.000896  1.068232
Long_MinPC (4):  7.508489  1.000737  1.065732
GreedyOracle (1000 1):  7.543131  1.011351  1.060568
Distance (1 1 10000):  7.586717  2.540174  1.054475
Distance (1 1 -1):  7.589041  2.333940  1.054152
Distance (1 1 1000):  7.608317  2.164406  1.051481
Distance (1 1 100000):  7.627500  2.005423  1.048836
GreedyOracle (1000 4):  7.659104  1.018734  1.044509
RoundRobin_Eq:  7.739799  6.551221  1.033619
TF_MaxFun:  7.919861  1.000001  1.010376
RoundRobin:  8.000000  6.781195  1.000000

16 threads
Lee:  3.579578  1.011505  4.469801
MaxFun_MinPC (3):  6.346651  1.001749  2.521015
MinSP_PC:  6.354245  1.001751  2.521551
RD_MinSP_PC (4 0 no):  6.354245  1.001751  2.521551
Long (8):  6.366086  1.098468  2.514084
TFP:  6.966673  1.664125  2.297348
Long (4):  7.008101  1.116235  2.283768
Long (2):  8.568544  1.134707  1.867864
Long_MinSP_PC (2):  8.845738  1.001282  1.809332
GreedyOracle (10 0):  8.960397  2.464960  1.788152
Long_MinSP_PC (4):  9.243866  1.001120  1.731405
GreedyOracle (1000 0):  9.299193  1.005003  1.723004
Long_MinSP_PC (8):  9.458364  1.000938  1.692140
Long_IRB (8):  10.974991  6.665001  1.459915
GreedyOracle (1000 .5):  11.007805  1.007536  1.455563
MaxFun_MinPC (1):  11.886309  1.000611  1.346086
MaxFun_MinPC (2):  11.886310  1.000611  1.346086
Long_MinPC (4):  12.433430  1.001214  1.287245
Long_IRB (4):  12.609014  8.965432  1.270722
Long_MinPC (8):  12.802724  1.000780  1.250115
Distance (1 1 -1):  12.921840  5.494566  1.239959
Distance (1 1 10000):  13.059532  4.699075  1.226886
Distance (1 1 100000):  13.156275  3.078158  1.217864
Distance (1 1 1000):  13.227550  3.101123  1.211301
Distance (0 0 10000):  13.407739  1.004213  1.195023
Distance (0 0 -1):  13.534278  1.004231  1.183850
Long_MinPC (2):  13.554798  1.001800  1.180754
MinPC:  13.571770  1.001608  1.180579
GreedyOracle (1000 1):  13.629562  1.008197  1.175573
RoundRobin_Eq:  14.981178  11.487924  1.069512
TF_MaxFun:  15.621477  1.000003  1.024543
GreedyOracle (1000 4):  15.659678  1.013234  1.023172
RoundRobin:  16.022551  12.345458  1.000000

